
======================================================================
=== TRexSD vs TRexVD Results (averaged over 200 Monte Carlo runs, n=300, p=1000) ===
======================================================================

Solver           Metric    SNR       0.1       0.2       0.5       0.6       1.0       2.0       5.0
----------------------------------------------------------------------------------------------------
SD-LARS          FDR              0.0000    0.0079    0.0414    0.0472    0.0448    0.0353    0.0241
                 TPR              0.0025    0.0220    0.2740    0.3575    0.7515    0.9785    1.0000
                 Avg L            2.6150    4.7100    6.8650    6.1450    3.7050    1.9050    1.1300
                 Avg T            4.8500    4.9300    7.7000    6.0250    7.6350    6.4100    4.7900

SD-OMP           FDR              0.0000    0.0050    0.0118    0.0189    0.0241    0.0286    0.0302
                 TPR              0.0025    0.0155    0.2140    0.3205    0.8785    0.9985    1.0000
                 Avg L            2.6150    4.6600    6.4700    5.8350    2.6500    1.1500    1.0750
                 Avg T            8.3450    6.5800    6.3650    7.1900    7.4800    8.6900    8.7550

SD-AFS_rho_0.3   FDR              0.0050    0.0108    0.0312    0.0208    0.0314    0.0296    0.0356
                 TPR              0.0025    0.0215    0.2590    0.3795    0.8780    0.9985    1.0000
                 Avg L            2.6150    4.6600    6.5000    5.7350    3.0050    1.1450    1.1650
                 Avg T            5.8750    4.8500    6.4200    7.3450    6.9950    7.1400    7.4200

VD-LARS          FDR              0.0150    0.0267    0.0435    0.0542    0.0417    0.0354    0.0232
                 TPR              0.0010    0.0225    0.2665    0.3765    0.7395    0.9760    1.0000
                 Avg L            2.6300    4.5500    6.7900    6.4200    3.4500    1.8000    1.1500
                 Avg T            2.8500    2.7000    4.8200    5.2750    5.4850    4.6700    4.3700

VD-OMP           FDR              0.0200    0.0075    0.0129    0.0172    0.0259    0.0283    0.0272
                 TPR              0.0010    0.0145    0.2155    0.3260    0.8725    0.9995    1.0000
                 Avg L            2.6300    4.5450    6.2500    5.6100    2.2650    1.1250    1.1050
                 Avg T            5.4000    4.8750    5.0850    5.4150    5.2300    5.7900    5.7550

VD-AFS_rho_0.3   FDR              0.0150    0.0150    0.0321    0.0297    0.0272    0.0276    0.0294
                 TPR              0.0010    0.0190    0.2545    0.3735    0.8800    0.9990    1.0000
                 Avg L            2.6300    4.5000    6.4000    5.9050    2.5100    1.1250    1.1150
                 Avg T            4.5700    3.9650    5.0350    5.3200    5.4050    5.2950    5.4100

TLARS            FDR              0.0200    0.0225    0.0507    0.0579    0.0495    0.0386    0.0304
                 TPR              0.0015    0.0190    0.2785    0.3750    0.7625    0.9820    1.0000
                 Avg L            2.8050    5.2300    7.3800    6.7500    4.3700    2.0150    1.2150
                 Avg T            4.7750    5.5200    7.9600    8.0350    8.9150    6.3950    4.9400

TOMP             FDR              0.0150    0.0075    0.0151    0.0164    0.0239    0.0289    0.0336
                 TPR              0.0015    0.0120    0.2170    0.3175    0.8925    0.9990    1.0000
                 Avg L            2.8050    5.2050    7.1000    6.8800    3.0300    1.1750    1.1650
                 Avg T            5.5850    5.2350    6.1850    6.5550    6.6150    5.5050    5.5850

TAFS_rho_0.3     FDR              0.0200    0.0174    0.0287    0.0253    0.0331    0.0326    0.0295
                 TPR              0.0015    0.0175    0.2665    0.3880    0.8885    0.9980    1.0000
                 Avg L            2.8050    5.2150    7.1050    6.5750    3.1050    1.1900    1.1650
                 Avg T            4.4500    4.1250    5.8950    6.5500    6.0250    4.9250    4.9300

