
======================================================================
=== TRexSD vs TRexVD Results (averaged over 200 Monte Carlo runs, n=300, p=10000) ===
======================================================================

Solver           Metric    SNR       0.1       0.2       0.5       0.6       1.0       2.0       5.0
----------------------------------------------------------------------------------------------------
SD-LARS          FDR              0.0000    0.0175    0.0251    0.0230    0.0548    0.0505    0.0368
                 TPR              0.0000    0.0030    0.0675    0.1240    0.3865    0.8290    0.9990
                 Avg L            2.1450    2.7600    6.2100    6.5000    5.8900    2.8850    1.5000
                 Avg T            5.1450    4.0200    4.7100    5.2950    6.5500    6.8650    5.3250

SD-OMP           FDR              0.0050    0.0075    0.0118    0.0057    0.0193    0.0175    0.0262
                 TPR              0.0000    0.0030    0.0520    0.0875    0.4090    0.9915    1.0000
                 Avg L            2.1450    2.7250    6.1800    6.4250    5.3150    1.2200    1.0750
                 Avg T            7.2050    7.0650    6.2800    6.3250    6.6100    7.1500    7.2400

SD-AFS_rho_0.3   FDR              0.0000    0.0100    0.0185    0.0124    0.0272    0.0210    0.0254
                 TPR              0.0000    0.0020    0.0695    0.1150    0.4825    0.9950    1.0000
                 Avg L            2.1450    2.7600    6.1550    6.3650    5.2050    1.5300    1.0550
                 Avg T            6.5650    5.9600    5.0600    5.2850    7.1900    7.3350    6.9400

VD-LARS          FDR              0.0050    0.0200    0.0206    0.0308    0.0386    0.0444    0.0288
                 TPR              0.0000    0.0015    0.0670    0.1125    0.3690    0.8345    0.9995
                 Avg L            1.9900    2.7250    6.0050    6.4900    5.6650    2.7300    1.3800
                 Avg T            3.0850    2.7100    3.0700    3.2800    5.0200    4.8300    4.3250

VD-OMP           FDR              0.0050    0.0175    0.0067    0.0134    0.0235    0.0175    0.0249
                 TPR              0.0000    0.0010    0.0485    0.0865    0.4080    0.9955    1.0000
                 Avg L            1.9900    2.7300    5.9100    6.1300    4.6400    1.1850    1.0900
                 Avg T            4.7950    4.7800    4.2800    4.4650    4.9200    4.9550    4.9700

VD-AFS_rho_0.3   FDR              0.0050    0.0125    0.0077    0.0162    0.0255    0.0260    0.0287
                 TPR              0.0000    0.0015    0.0615    0.1105    0.4700    0.9960    1.0000
                 Avg L            1.9900    2.7500    5.9750    6.2750    4.7350    1.4300    1.1100
                 Avg T            4.6300    4.5450    3.7450    4.1800    5.4500    5.1750    5.1400

